,City,Lattitude,Longitud,Temperature,Humidity,Cloudiness,Wind Speed
0,punta arenas,-53.16,-70.91,5.77,60,40,4.1
1,paamiut,61.99,-49.67,-8.34,100,64,10.67
2,klaksvik,62.23,-6.59,7.0,93,92,4.1
3,lahaina,20.87,-156.68,23.28,50,20,9.3
4,carnarvon,-30.97,22.13,10.16,84,0,1.32
5,albany,42.65,-73.75,-1.67,55,20,4.1
6,vaini,15.34,74.49,21.0,37,0,1.5
7,lethem,3.38,-59.8,28.41,44,0,6.62
8,mataura,-46.19,168.86,18.89,75,0,1.79
9,fomboni,-12.28,43.74,28.86,100,24,3.72
10,kathmandu,27.71,85.32,10.0,87,75,1.0
11,meulaboh,4.14,96.13,27.61,100,44,0.32
12,avera,33.19,-82.53,12.5,30,1,3.1
13,boa vista,2.82,-60.67,31.0,38,0,5.7
14,tessalit,20.2,1.01,14.21,24,0,1.67
15,ilulissat,69.22,-51.1,-21.0,58,44,4.1
16,ulaangom,49.98,92.07,-13.04,64,0,1.47
17,tasiilaq,65.61,-37.64,-3.0,68,32,2.1
18,port-gentil,-0.72,8.78,26.01,100,76,3.07
19,vostok,46.45,135.83,4.96,45,0,1.27
20,barrow,-38.31,-60.23,10.91,77,12,2.87
21,oranjemund,-28.55,16.43,17.66,98,92,5.27
22,east london,-33.02,27.91,24.06,100,76,5.87
23,rikitea,-23.12,-134.97,25.76,100,44,8.72
24,nanortalik,60.14,-45.24,-4.79,100,0,18.67
25,orchard homes,46.86,-114.05,4.11,52,1,0.77
26,kefamenanu,-9.45,124.48,25.56,83,56,1.42
27,gat,14.69,-16.54,22.0,60,0,7.7
28,bethel,60.79,-161.76,-6.35,67,1,7.2
29,tecoanapa,16.99,-99.26,28.0,78,5,4.1
30,holme,53.7,-2.31,7.02,100,90,1.0
31,qaanaaq,77.48,-69.36,-34.24,91,0,3.32
32,bredasdorp,-34.53,20.04,21.37,94,88,2.6
33,lebu,8.96,38.73,5.51,81,0,1.37
34,menongue,-14.66,17.68,19.46,85,68,1.32
35,cape town,-33.93,18.42,17.58,93,0,2.6
36,kaitangata,-46.28,169.85,19.41,76,0,2.67
37,saint-philippe,45.36,-73.48,-5.07,53,40,2.6
38,seminole,32.72,-102.64,11.31,34,1,2.6
39,bluff,-23.58,149.07,30.96,66,8,1.97
40,port alfred,-33.59,26.89,21.13,95,44,0.89
41,new norfolk,-42.78,147.06,21.45,56,40,1.5
42,thompson,55.74,-97.86,3.0,59,40,1.0
43,berlevag,70.86,29.09,-0.74,100,68,4.27
44,avarua,-21.21,-159.78,28.0,78,12,2.6
45,ribeira grande,38.52,-28.7,15.91,98,0,5.72
46,itarema,-2.92,-39.92,24.46,93,24,1.52
47,yulara,-25.24,130.99,34.0,16,0,6.7
48,kapaa,22.08,-159.32,23.63,50,1,6.7
49,hilo,19.71,-155.08,21.47,47,1,6.2
50,karratha,-20.74,116.85,36.01,34,0,3.47
51,arman,59.7,150.17,-14.29,61,0,4.12
52,tuktoyaktuk,69.44,-133.03,-3.0,86,40,11.8
53,pacific grove,36.62,-121.92,14.34,63,1,3.1
54,ndjole,-0.18,10.76,21.81,98,88,1.22
55,hobart,-42.88,147.33,21.45,56,40,1.5
56,bukama,-9.2,25.85,21.26,90,12,1.47
57,puerto ayora,-0.74,-90.35,25.0,90,12,0.45
58,bara,10.41,10.6,21.71,28,0,4.47
59,kamaishi,39.28,141.86,5.0,75,0,1.0
60,jamestown,-33.21,138.6,25.21,84,64,2.42
61,palana,59.08,159.95,-12.29,59,56,2.02
62,vestmannaeyjar,63.44,-20.27,5.16,94,80,9.37
63,varhaug,58.61,5.65,0.47,80,0,2.1
64,pampa,35.54,-100.96,14.14,30,1,4.6
65,samana,0.12,-76.97,23.06,93,24,0.97
66,kodiak,39.95,-94.76,5.38,10,1,1.5
67,acapulco,16.86,-99.88,28.0,78,5,4.1
68,touros,-5.2,-35.46,27.0,88,0,3.1
69,bambous virieux,-20.34,57.76,25.91,83,40,1.5
70,norman wells,65.28,-126.83,16.0,31,75,1.0
71,vardo,39.62,-77.74,2.72,35,1,3.6
72,valdivia,-39.81,-73.25,10.0,76,20,2.1
73,srednekolymsk,67.46,153.71,-22.04,62,48,1.62
74,ararat,-37.28,142.93,23.89,60,0,3.13
75,hithadhoo,-0.6,73.08,29.11,100,88,2.12
76,flinders,-34.58,150.85,24.06,100,75,4.1
77,madimba,4.42,9.93,25.0,88,75,2.6
78,aranos,-24.14,19.11,21.31,43,36,1.22
79,tombouctou,16.77,-3.01,18.71,31,0,2.27
80,pevek,69.7,170.27,-20.79,95,64,13.02
81,lamar,38.09,-102.62,16.0,25,75,6.2
82,clyde river,70.47,-68.59,-25.0,69,90,10.3
83,ponta do sol,-20.63,-46.0,20.16,90,0,1.22
84,gamba,28.28,88.52,-12.24,81,32,1.72
85,nayoro,44.36,142.46,6.56,74,36,4.42
86,hasaki,35.73,140.83,15.39,41,75,5.7
87,nong han,17.36,103.11,27.0,74,40,1.0
88,sola,58.89,5.65,0.07,80,0,2.1
89,boulder city,35.98,-114.83,23.4,14,1,2.6
90,luwingu,-10.26,29.92,15.66,95,44,0.72
91,ushuaia,-54.81,-68.31,5.0,100,40,12.3
92,morbach,49.52,10.62,0.39,86,40,1.5
93,sao filipe,14.9,-24.5,21.76,96,8,4.97
94,busselton,-33.64,115.35,27.93,32,0,2.97
95,roseau,48.85,-95.76,0.47,74,90,4.6
96,amapa,15.09,-87.97,26.0,69,20,3.1
97,salalah,17.01,54.1,28.0,15,0,3.6
98,nagato,34.35,131.14,10.76,93,75,1.5
99,laguna,27.52,-110.01,24.0,38,5,2.6
100,pinsk,52.11,26.1,1.21,89,0,3.97
101,karasjok,69.47,25.52,-4.0,92,76,2.6
102,nalut,31.86,10.98,11.11,84,36,6.27
103,yingcheng,30.93,113.57,16.0,72,12,4.0
104,kavieng,-2.57,150.8,30.21,95,48,4.57
105,tanout,14.97,8.88,25.51,24,12,4.77
106,banda aceh,5.56,95.32,29.41,75,36,1.07
107,longyearbyen,78.22,15.63,-10.0,85,75,9.3
108,douglas,31.34,-109.55,15.14,31,1,4.6
109,cherskiy,68.75,161.3,-23.09,68,32,3.67
110,trinidad,-33.52,-56.9,16.11,80,0,2.97
111,biak,-0.91,122.88,31.86,65,0,0.67
112,young,-32.7,-57.63,21.67,90,0,0.97
113,nikolskoye,59.7,30.79,1.83,93,75,5.0
114,lorengau,-2.02,147.27,27.11,100,68,3.92
115,beamsville,43.17,-79.48,-0.82,59,40,3.6
116,tambilil,5.96,124.67,26.0,88,90,3.1
117,benicarlo,40.42,0.43,6.67,56,88,2.24
118,norrtalje,59.76,18.7,-0.07,82,90,6.7
119,chokurdakh,70.62,147.9,-23.94,74,36,2.72
120,hermanus,-34.42,19.24,19.31,87,64,4.92
121,atuona,-9.8,-139.03,28.41,98,56,6.57
122,aripuana,-9.17,-60.63,25.21,93,32,0.87
123,port lincoln,-34.72,135.86,20.11,87,0,4.02
124,lieksa,63.32,30.02,0.21,96,92,1.82
125,manacapuru,-3.3,-60.62,27.0,74,0,1.17
126,west bay,50.71,-2.76,7.24,100,75,1.5
127,high level,58.52,-117.13,16.0,26,75,1.5
128,yagodnoye,62.52,149.63,-19.69,68,36,1.62
129,upernavik,72.79,-56.15,-24.49,100,24,1.47
130,seymchan,62.93,152.39,-21.09,68,48,4.37
131,norsup,-16.07,167.38,29.71,79,64,2.57
132,dingle,11.0,122.67,28.31,70,48,6.37
133,rio grande city,26.38,-98.82,15.37,67,90,3.1
134,yellowknife,62.45,-114.38,7.0,56,75,3.1
135,dikson,73.51,80.55,-3.59,96,80,6.87
136,montgomery,32.37,-86.3,12.39,35,1,4.1
137,geraldton,49.72,-86.95,-3.0,63,75,1.0
138,port blair,11.67,92.75,28.76,97,0,2.57
139,kasama,-10.21,31.19,16.06,95,56,0.42
140,saint george,39.45,22.34,8.55,100,20,0.42
141,provideniya,64.42,-173.23,-11.0,61,0,4.0
142,kruisfontein,-34.0,24.73,19.76,95,80,1.82
143,assiniboia,49.63,-105.99,-2.89,82,0,3.82
144,jinan,36.65,117.11,21.21,37,0,6.47
145,haines junction,60.75,-137.51,1.61,95,88,1.52
146,saint anthony,43.97,-111.68,5.1,42,1,2.1
147,fortuna,38.18,-1.13,9.58,70,20,2.1
148,balkanabat,39.51,54.36,6.16,97,92,2.12
149,nova ushytsya,48.84,27.27,5.0,87,88,3.58
150,butka,56.72,63.78,-8.79,78,48,2.37
151,georgetown,6.8,-58.16,24.85,74,20,4.1
152,portland,45.52,-122.67,16.08,27,1,10.8
153,esmeraldas,-19.76,-44.31,22.0,88,40,1.5
154,kupang,-10.16,123.6,30.0,70,20,4.6
155,prince albert,53.2,-105.75,5.0,56,20,2.6
156,bandarbeyla,9.49,50.81,25.21,100,92,4.37
157,vernon,50.27,-119.27,11.0,53,1,2.6
158,mar del plata,-46.43,-67.52,12.96,57,36,5.27
159,victoria,5.28,115.24,28.74,83,75,1.0
160,khatanga,71.98,102.47,-14.14,87,80,4.57
161,vieksniai,56.23,22.52,3.0,86,90,5.1
162,pangnirtung,66.15,-65.72,-28.59,81,20,5.67
163,hofn,64.25,-15.21,6.31,95,92,14.07
164,dungarpur,23.85,73.71,22.21,37,0,1.42
165,port hedland,-20.31,118.58,34.0,49,8,2.6
166,drabiv,49.96,32.14,4.86,75,56,5.32
167,hambantota,6.12,81.12,24.0,100,20,2.1
168,san patricio,-26.98,-56.83,19.51,92,12,0.52
169,vryburg,-26.96,24.73,12.21,89,0,0.42
170,vanderhoof,54.02,-124.02,3.76,81,20,0.92
171,luderitz,-26.65,15.16,14.86,90,12,3.67
172,padang,-0.92,100.36,28.0,74,0,2.1
173,nouakchott,18.08,-15.98,19.0,63,0,4.1
174,edson,53.59,-116.44,14.0,16,1,0.77
175,fairbanks,64.84,-147.72,7.8,52,20,3.1
176,boyabat,41.47,34.77,-7.14,70,0,1.07
177,cayenne,4.94,-52.33,24.0,88,0,3.12
178,port elizabeth,39.31,-74.98,2.29,74,1,2.52
179,constitucion,23.99,-104.67,17.1,46,75,6.2
180,parabel,58.71,81.5,-5.54,89,76,1.57
181,airai,-8.93,125.41,27.31,63,44,0.97
182,comodoro rivadavia,-45.87,-67.48,15.0,38,0,2.6
183,trat,12.25,102.51,31.09,45,44,2.97
184,uyuni,-20.46,-66.82,2.21,37,0,1.37
185,lahij,13.06,44.88,16.51,90,32,1.22
186,pulsano,40.38,17.36,12.96,87,40,5.1
187,zakamensk,50.38,103.29,-9.04,49,44,3.52
188,te anau,-45.41,167.72,21.16,65,0,1.42
189,vila franca do campo,37.72,-25.43,12.89,66,20,4.1
190,saskylakh,71.97,114.09,-25.99,66,36,1.87
191,port-cartier,50.03,-66.88,-7.47,61,90,3.1
192,waycross,31.21,-82.35,12.98,66,1,3.02
193,dudinka,69.41,86.18,-14.69,83,76,7.62
194,fort nelson,58.81,-122.69,14.0,35,75,1.0
195,dryden,49.79,-92.84,2.0,55,90,3.6
196,barcelona,41.38,2.18,8.94,66,20,1.5
197,asosa,10.07,34.53,19.06,45,0,1.22
198,donnacona,46.68,-71.73,-7.45,56,20,3.1
199,esperance,10.24,-61.45,24.45,83,20,2.1
200,narsaq,60.91,-46.05,-2.0,68,0,3.6
201,anadyr,64.73,177.51,-25.0,75,0,7.0
202,jumla,29.28,82.18,-1.09,76,0,0.92
203,waipawa,-39.94,176.59,19.44,72,0,1.34
204,lompoc,34.64,-120.46,16.11,55,1,3.1
205,saldanha,41.42,-6.55,-1.04,91,0,2.07
206,baruun-urt,46.68,113.28,1.46,34,24,6.92
207,baghdad,33.3,44.38,3.96,82,0,0.62
208,edd,13.93,41.69,18.86,93,0,0.97
209,oksfjord,70.24,22.35,-6.69,92,64,1.0
210,sitka,37.17,-99.65,10.56,57,8,1.34
211,lata,30.78,78.62,7.71,69,0,0.92
212,santa rosa,-36.62,-64.29,13.56,35,12,5.02
213,butaritari,3.07,172.79,28.46,100,92,7.27
214,thinadhoo,0.53,72.93,28.56,100,64,1.92
215,isangel,-19.55,169.27,32.0,59,75,5.1
216,los llanos de aridane,28.66,-17.92,15.4,63,0,6.7
217,mount isa,-20.73,139.49,34.0,26,0,2.6
218,mareeba,-16.99,145.42,25.55,88,75,6.2
219,hernani,43.27,-1.98,7.01,81,92,1.5
220,agirish,61.92,63.02,-5.44,83,80,1.07
221,verkhoyansk,67.55,133.39,-21.24,56,0,1.67
222,husavik,50.56,-96.99,-0.3,83,48,1.37
223,nome,30.04,-94.42,13.99,81,1,2.37
224,pak phanang,8.35,100.2,28.61,99,20,2.52
225,sungaipenuh,-2.08,101.38,24.71,78,20,0.07
226,lavrentiya,65.58,-170.99,-14.19,100,12,2.17
227,lagoa,37.14,-8.45,14.25,54,0,2.1
228,dhidhdhoo,6.88,73.1,28.76,100,76,3.42
229,mayo,63.59,-135.9,11.0,40,75,2.1
230,alice springs,-23.7,133.88,33.0,14,0,5.1
231,ancud,-41.87,-73.83,7.0,87,40,2.6
232,talnakh,69.49,88.39,-13.84,91,68,3.42
233,shenjiamen,29.96,122.3,12.01,97,0,1.97
234,porbandar,21.64,69.61,23.16,69,0,2.17
235,kalengwa,-13.47,25.0,16.96,87,8,1.32
236,maracaibo,3.41,-75.78,25.0,65,90,3.6
237,tecolutilla,18.28,-93.32,21.0,88,90,5.72
238,yaan,7.38,8.57,26.41,77,12,4.67
239,betsiamites,48.94,-68.65,-8.45,66,1,3.6
240,dandong,40.12,124.37,11.46,62,0,3.62
241,hohhot,40.81,111.65,7.0,30,20,3.0
242,bilibino,68.06,166.44,-22.79,62,44,2.07
243,naryan-mar,67.67,53.09,-2.14,90,80,7.02
244,cam ranh,11.92,109.15,30.0,62,20,1.0
245,maner,25.65,84.88,17.0,77,0,1.5
246,el tigre,8.89,-64.25,27.21,53,8,7.67
247,djibo,14.1,-1.63,27.26,48,68,2.07
248,pochutla,15.74,-96.47,27.44,69,75,2.1
249,emba,34.81,32.42,10.11,93,20,3.1
250,beyneu,45.32,55.19,5.66,94,92,2.62
251,axim,4.87,-2.24,28.46,98,0,6.37
252,pombal,-6.77,-37.8,21.41,98,88,0.87
253,masunga,-20.62,27.45,18.41,76,0,4.17
254,soubre,5.79,-6.61,24.71,88,20,1.97
255,manono,-7.3,27.4,20.61,95,12,1.42
256,sibu,2.29,111.83,27.0,83,75,1.5
257,olesno,50.88,18.42,0.07,80,0,4.1
258,north bend,43.41,-124.22,14.9,71,1,2.1
259,celestun,20.87,-90.4,24.31,100,80,9.12
260,amuntai,-2.42,115.25,28.16,81,76,1.27
261,fallon,46.84,-105.12,2.0,80,1,6.2
262,broome,52.47,1.45,3.48,86,0,1.0
263,mahebourg,-20.41,57.7,25.89,83,40,1.5
264,viedma,-40.81,-62.99,7.71,78,56,1.37
265,aksha,50.28,113.29,-1.69,43,80,6.57
266,yuli,10.52,9.86,17.41,48,0,1.77
267,santa maria,-29.69,-53.81,21.0,94,75,1.27
268,rupert,42.62,-113.68,12.0,27,1,5.1
269,bunia,1.56,30.25,16.71,87,8,1.42
270,fenoarivo,-18.93,47.44,18.0,88,40,1.5
271,samarai,-10.62,150.67,26.31,100,100,3.02
272,brigantine,39.41,-74.36,2.13,64,75,1.37
273,torbay,47.66,-52.73,-4.63,73,20,7.2
274,manta,45.1,24.1,4.44,81,68,2.22
275,poya,-21.35,165.16,26.36,100,76,4.72
276,mount gambier,-37.83,140.78,22.0,73,90,5.1
277,kuala terengganu,5.33,103.14,27.0,78,75,2.1
278,sladkovo,55.53,70.34,-12.39,69,48,1.62
279,tolosa,43.14,-2.07,6.72,81,92,1.5
280,elko,40.83,-115.76,9.98,32,1,6.2
281,tiksi,71.64,128.87,-24.74,78,0,2.07
282,souillac,45.6,-0.6,6.59,93,90,2.6
283,henties bay,-22.12,14.28,16.67,92,0,2.24
284,tuatapere,-46.13,167.69,18.89,75,24,1.79
285,mata,22.63,-79.93,23.0,83,75,2.6
286,atar,20.52,-13.05,16.21,28,24,3.32
287,lubang,13.86,120.12,26.81,100,32,8.07
288,namibe,-15.19,12.15,24.51,100,0,4.12
289,sechura,-5.56,-80.82,25.11,77,32,4.67
290,hay river,60.82,-115.79,10.0,46,75,4.6
291,iskateley,67.68,53.15,-2.04,92,88,7.47
292,kirra,38.43,22.45,7.67,75,20,0.45
293,novyy urengoy,66.08,76.63,-12.89,72,64,3.82
294,labuhan,-2.54,115.51,28.86,76,24,1.32
295,krasnyy yar,50.7,44.73,-8.44,75,0,1.27
296,joshimath,30.57,79.57,-9.94,95,32,0.32
297,teya,21.05,-89.07,26.85,57,75,3.1
298,sale,53.42,-2.32,7.14,100,90,1.0
299,chenghai,23.46,116.77,22.0,83,0,1.0
300,arraial do cabo,-22.97,-42.02,26.0,88,20,2.6
301,caibarien,22.52,-79.47,23.0,83,75,2.6
302,erdenet,49.03,104.04,-6.94,46,68,3.82
303,locri,38.24,16.26,12.17,54,40,2.1
304,faanui,-16.48,-151.75,28.91,100,0,1.57
305,pangai,-19.8,-174.35,26.71,100,88,2.67
306,sisimiut,66.94,-53.67,-28.29,51,20,1.92
307,salumbar,24.14,74.05,16.0,51,0,1.42
308,chernaya kholunitsa,58.85,51.72,-6.44,81,0,4.02
309,sibolga,1.74,98.78,26.11,83,0,0.77
310,lac du bonnet,50.25,-96.06,0.0,83,68,1.42
311,wenatchee,47.42,-120.31,8.35,66,1,0.82
312,ola,59.58,151.3,-15.09,100,0,3.02
313,poum,41.28,20.71,-0.59,88,20,1.12
314,campestre,-21.71,-46.25,19.66,89,0,1.32
315,namtsy,62.72,129.66,-23.0,69,0,2.0
316,ixtapa,20.71,-105.21,23.41,73,75,3.6
317,shingu,33.72,135.99,12.0,76,75,3.1
318,madang,-5.21,145.81,25.16,100,88,2.02
319,coquimbo,-29.95,-71.34,15.0,87,0,1.5
320,chala,-7.6,31.27,13.51,86,8,0.97
321,bosaso,11.28,49.18,24.36,100,8,1.57
322,mortka,59.33,66.02,-8.19,74,0,1.07
323,katsuura,33.93,134.5,9.13,93,90,5.1
324,algiers,29.94,-90.04,13.09,82,1,5.52
325,camopi,3.17,-52.33,25.56,66,12,1.72
326,aasiaat,68.71,-52.87,-21.84,100,24,8.32
327,manicore,-5.81,-61.3,25.76,86,24,0.77
328,summerville,33.02,-80.17,11.9,50,1,3.62
329,herbertpur,30.44,77.74,13.56,54,0,1.07
330,severo-kurilsk,50.68,156.12,0.16,95,88,6.47
331,ugleuralskiy,58.95,57.58,-10.0,72,12,1.22
332,matina,10.08,-83.29,24.44,76,76,0.45
333,tarko-sale,64.92,77.78,-8.89,84,48,1.32
334,kilindoni,-7.91,39.67,27.96,100,92,3.37
335,adrar,27.87,-0.29,17.0,16,0,3.6
336,uvat,59.14,68.9,-4.09,91,12,2.42
337,houma,35.63,111.36,15.76,46,92,1.77
338,buchanan,5.88,-10.05,26.0,94,20,2.62
339,castro,-42.48,-73.76,7.0,87,40,2.6
340,casper,42.87,-106.31,0.53,74,1,1.5
341,ostrovnoy,68.05,39.51,-1.59,92,92,3.67
342,chuy,-33.69,-53.46,19.71,94,0,4.92
343,khanpur,28.65,70.66,17.91,70,0,1.32
344,honiara,-9.43,159.96,26.11,100,44,0.92
345,faya,18.39,42.45,15.52,67,5,3.6
346,lasa,34.92,32.53,10.12,93,20,3.1
347,mlimba,-8.78,35.81,21.31,88,0,1.22
348,candido mendes,-1.45,-45.72,26.41,100,88,3.62
349,banjar,-7.37,108.54,29.46,69,12,1.47
350,mawlaik,23.63,94.42,22.86,80,0,1.32
351,tromso,69.65,18.96,-9.16,92,75,4.1
352,imeni poliny osipenko,52.42,136.49,-8.54,65,0,2.47
353,jardim,-21.48,-56.15,22.31,96,8,1.07
354,hualmay,-11.1,-77.61,20.51,93,20,1.67
355,havre-saint-pierre,50.23,-63.6,-7.0,73,75,4.1
356,alofi,-19.06,-169.92,29.0,74,75,3.6
357,bathsheba,13.22,-59.52,25.0,69,20,7.2
358,leshukonskoye,64.9,45.76,1.46,82,92,4.67
359,tura,25.52,90.21,19.96,82,48,1.52
360,ahuimanu,21.44,-157.84,24.42,73,90,5.7
361,cidreira,-30.17,-50.22,20.61,96,8,5.57
362,teknaf,20.86,92.31,26.11,63,48,1.62
363,baykit,61.68,96.39,-9.49,72,36,1.67
364,aloleng,16.13,119.78,29.86,79,0,2.57
365,agadir,30.42,-9.58,11.0,100,20,2.1
366,wanning,48.64,13.53,0.03,95,75,1.5
367,cairns,-16.92,145.77,25.45,88,75,6.2
368,puerto rico,-26.82,-55.03,19.96,94,8,0.72
369,bhainsdehi,21.65,77.63,23.81,36,0,1.82
370,savonlinna,61.87,28.88,1.08,91,90,1.5
371,gravdal,59.79,5.78,0.01,86,0,1.5
372,marawi,8.0,124.29,23.33,95,92,0.89
373,clinton,30.87,-91.02,12.38,66,1,3.17
374,beringovskiy,63.05,179.32,-18.44,100,8,4.57
375,kincardine,56.07,-3.72,5.36,100,75,2.6
376,codrington,-28.95,153.24,28.62,61,0,3.1
377,saint-joseph,43.56,6.97,9.09,61,48,1.0
378,bouake,7.69,-5.02,27.0,78,48,4.1
379,robore,-18.33,-59.76,23.56,93,0,1.07
380,zhanaozen,43.35,52.85,5.66,80,92,6.52
381,ouro preto do oeste,-10.75,-62.22,24.56,93,8,0.62
382,umm lajj,25.02,37.27,15.81,97,36,3.67
383,namatanai,-3.66,152.44,29.86,91,12,4.37
384,rawson,-43.3,-65.11,11.81,35,44,4.02
385,hamilton,43.26,-79.87,-0.63,63,20,2.6
386,trelleborg,55.38,13.15,2.0,95,0,4.6
387,litovko,49.24,135.18,-2.79,58,0,2.07
388,mariental,52.28,10.99,2.88,88,24,1.34
389,kimbe,-5.56,150.15,26.71,100,88,1.57
390,mangai,-4.07,19.59,24.16,96,20,1.07
391,zyryanka,65.73,150.89,-21.04,57,12,1.42
392,merauke,-8.49,140.4,27.71,92,92,6.62
393,kozhva,65.11,57.05,-1.04,91,92,4.12
394,gornopravdinsk,60.06,69.92,-4.44,89,0,2.22
395,whitehorse,60.72,-135.06,10.0,46,75,9.8
396,carauari,-4.88,-66.9,23.86,93,80,1.42
397,leningradskiy,69.38,178.42,-17.99,96,64,16.42
398,limbang,4.75,115.01,28.74,79,75,1.5
399,zalantun,48.0,122.72,7.06,41,36,1.67
400,waddan,29.16,16.14,11.71,46,56,1.62
401,sasebo,33.18,129.67,13.11,87,40,4.6
402,qeshm,26.96,56.27,15.0,87,0,1.67
403,cornereva,45.06,22.42,3.46,92,44,0.87
404,batticaloa,7.71,81.69,28.51,92,32,2.62
405,vila,45.18,8.4,5.1,80,0,2.1
406,zhaozhou,45.71,125.27,15.21,44,20,7.72
407,quesnel,52.98,-122.49,8.0,52,1,1.0
408,vradiyivka,47.86,30.59,3.46,86,0,4.02
409,purwa,26.46,80.77,16.0,77,0,1.5
410,shizunai,42.33,142.37,5.96,91,92,2.47
411,bundaberg,-24.87,152.35,30.74,55,40,2.6
412,boyolangu,-8.09,111.9,27.06,90,36,1.77
413,kakonko,-3.28,30.97,14.96,91,12,0.67
414,havoysund,71.0,24.66,-5.0,85,80,4.1
415,sile,35.56,-106.37,10.55,29,1,3.1
416,inuvik,68.36,-133.71,8.0,49,75,6.77
417,batagay,67.65,134.64,-20.39,65,0,1.97
418,westport,53.8,-9.52,7.42,86,80,5.72
419,santhia,9.54,-12.74,20.71,80,0,1.87
420,sharanga,57.18,46.54,-3.44,92,76,3.67
421,waingapu,-9.65,120.26,27.31,87,92,4.12
422,tuburan,10.73,123.82,26.0,88,90,3.1
423,berezovka,57.6,57.31,-6.94,71,56,1.22
424,longhua,29.21,106.21,15.66,91,80,1.77
425,port macquarie,-31.43,152.91,27.54,64,40,2.6
426,lavumisa,-27.31,31.88,19.06,96,8,1.17
427,tambo,-24.88,146.25,29.56,74,12,1.87
428,aksarka,66.56,67.8,-13.49,68,24,1.87
429,ganzhou,25.86,114.93,21.51,93,44,1.62
430,caconda,-13.73,15.06,15.41,95,36,1.32
431,labuan,5.28,115.24,28.73,83,75,1.0
432,pisco,-13.71,-76.2,21.0,77,0,7.7
433,sur,22.57,59.53,21.11,100,68,3.62
434,muli,22.62,71.45,24.36,32,0,3.07
435,bud,62.91,6.91,-0.98,98,64,2.6
436,lumut,-8.46,120.34,24.61,95,88,2.17
437,bonavista,48.65,-53.11,-4.44,89,24,0.45
438,meadow lake,54.13,-108.44,-0.24,87,8,3.02
439,taseyevo,57.22,94.9,-3.59,78,76,2.87
440,kahului,20.89,-156.47,23.19,41,20,7.7
441,acqui terme,44.68,8.47,5.22,50,20,3.6
442,tadine,-21.55,167.88,27.21,92,76,6.57
443,skibbereen,51.55,-9.27,6.0,93,40,3.1
444,vanimo,-2.67,141.3,27.46,100,64,8.27
445,maceio,-9.67,-35.74,25.0,88,20,2.1
446,lima,-12.06,-77.04,21.78,78,0,6.2
447,nantucket,41.28,-70.1,-0.96,79,1,2.67
448,cabo san lucas,22.89,-109.91,20.95,60,5,2.6
449,scarborough,54.28,-0.41,5.92,93,44,1.5
450,hauterive,46.09,3.45,3.96,86,90,1.5
451,mayskiy,43.63,44.06,1.78,80,36,2.0
452,nuuk,64.17,-51.74,-15.0,84,44,8.2
453,killarney,-28.34,152.3,28.02,57,0,2.27
454,novikovo,45.05,34.56,2.01,100,0,3.87
455,mumford,5.26,-0.76,26.61,91,12,4.72
456,rosignano marittimo,43.41,10.47,9.11,75,20,2.1
457,skjervoy,70.03,20.97,-1.39,100,88,4.92
458,shenkursk,62.11,42.91,1.21,96,92,4.82
459,egvekinot,66.32,-179.17,-22.29,59,32,1.87
460,taoudenni,22.68,-3.98,11.56,18,8,1.32
461,hemet,33.75,-116.97,16.85,40,1,3.6
462,rio grande,-32.03,-52.1,21.66,98,64,5.22
463,severo-yeniseyskiy,60.37,93.04,-4.89,81,88,1.47
464,poronaysk,49.22,143.1,-4.09,72,0,7.57
465,tevriz,57.51,72.4,-6.54,87,68,1.77
466,florina,40.78,21.41,5.3,94,0,0.97
467,kholodnyy,62.72,147.95,-17.69,66,24,2.07
468,ovsyanka,53.58,126.91,-4.59,43,64,1.97
469,birjand,32.86,59.22,2.0,100,0,2.1
470,rimoc,48.04,19.53,5.02,30,80,0.89
471,margate,-43.03,147.26,20.98,56,40,1.5
472,tommot,58.97,126.27,-11.29,59,56,1.87
473,vagay,57.94,69.02,-6.14,85,80,1.87
474,sterling,39.0,-77.4,3.9,60,90,3.1
475,prince rupert,54.32,-130.32,16.0,51,1,1.0
476,palmer,-34.85,139.16,28.26,50,0,6.2
477,sauda,59.65,6.35,-0.52,65,0,0.97
478,belorechensk,44.77,39.87,1.77,92,0,3.0
479,madawaska,47.36,-68.32,-8.86,61,1,5.1
480,iqaluit,63.75,-68.52,-30.77,67,20,3.1
481,cockburn town,21.46,-71.14,25.41,99,0,4.27
482,klyuchi,52.25,79.17,-10.49,77,32,2.27
483,karanganyar,-7.6,110.95,27.0,83,20,1.52
484,ashqelon,31.67,34.57,11.42,93,0,0.5
485,severobaykalsk,55.65,109.32,-11.64,74,0,1.27
486,camacha,33.08,-16.33,15.0,58,75,4.6
487,sunbury,40.86,-76.79,1.3,50,1,1.62
488,tual,-5.67,132.75,29.11,100,12,3.32
489,khani,41.96,42.96,1.0,100,0,1.0
490,portel,38.31,-7.71,9.0,66,0,1.0
491,aurillac,44.93,2.44,2.74,92,40,3.1
492,santa cruz,36.97,-122.03,16.44,77,1,3.1
493,bucerias,20.76,-105.33,23.42,73,75,3.6
494,angoche,-16.23,39.91,27.21,100,32,5.87
495,kirakira,-10.46,161.92,28.41,100,32,4.42
496,mitu,36.2,46.09,-6.54,91,44,0.82
497,sabha,27.03,14.43,15.06,33,32,5.57
498,kyabe,9.45,18.94,20.46,34,0,4.77
499,luquillo,18.37,-65.72,23.17,69,1,2.6
500,muros,42.77,-9.06,7.8,87,20,4.1
501,lakatoro,-16.11,167.42,29.71,79,64,2.57
502,roswell,33.39,-104.52,12.93,28,1,3.6
503,pijijiapan,15.69,-93.21,23.71,74,32,0.97
504,creel,27.75,-107.63,6.71,60,0,1.32
505,aberdeen,45.47,-98.49,-1.45,86,20,4.1
506,ngunguru,-35.62,174.5,22.22,69,8,4.47
507,sorland,67.67,12.69,3.56,100,68,4.47
508,vao,59.1,26.19,1.31,97,80,4.02
509,calama,-22.46,-68.93,16.0,18,0,4.6
510,kjollefjord,70.95,27.35,-5.14,80,24,2.57
511,panzhihua,26.59,101.72,20.56,40,92,3.27
512,ugoofaaru,5.67,73.0,28.91,100,92,4.47
513,namsos,64.47,11.51,2.22,71,88,1.77
514,mandal,48.82,106.5,-7.99,49,80,5.17
515,blythe,33.61,-114.59,23.52,26,0,3.42
516,thunder bay,48.41,-89.26,0.42,64,75,3.1
517,popondetta,-8.77,148.24,23.06,90,92,0.97
518,teahupoo,-17.83,-149.27,31.25,66,20,2.6
519,bilma,18.69,12.92,14.06,40,0,1.27
520,wencheng,27.79,120.09,17.91,66,32,1.27
521,danville,36.59,-79.4,5.11,65,1,2.27
522,ayagoz,47.96,80.43,-11.79,85,0,5.72
523,aksay,47.27,39.86,4.22,86,0,6.0
524,dvinskoy,62.16,45.12,1.01,87,92,5.47
525,elverum,60.88,11.56,-3.07,72,0,0.45
526,evensk,61.92,159.24,-16.04,100,32,5.02
527,aswan,24.09,32.9,17.0,69,0,3.6
528,kenora,49.76,-94.48,0.85,59,90,3.1
529,newport,51.59,-3.0,6.92,93,90,2.6
530,buzmeyin,38.05,58.21,12.0,93,90,9.3
531,parbhani,19.26,76.77,24.61,29,0,2.12
532,benguela,-12.58,13.4,25.91,100,8,2.82
533,sanchursk,56.94,47.25,-4.14,86,64,3.42
534,khasan,42.43,130.64,10.66,54,0,1.82
535,dwarka,28.58,77.04,19.98,87,20,1.5
536,mahajanga,-15.72,46.32,27.0,88,20,1.0
537,antalaha,-14.9,50.28,23.66,94,32,3.52
538,nortelandia,-14.45,-56.8,25.16,89,12,1.12
539,plettenberg bay,-34.05,23.37,20.41,100,48,2.02
540,bodden town,19.28,-81.25,25.73,83,0,1.97
541,brae,60.4,-1.35,5.58,80,76,6.7
542,yerbogachen,61.28,108.01,-9.09,77,64,1.72
543,sirjan,29.44,55.67,-2.29,68,0,1.22
544,misratah,32.38,15.09,16.71,71,88,6.02
545,kambove,-10.88,26.6,15.76,90,8,1.17
546,praia da vitoria,38.73,-27.07,13.94,93,75,6.57
547,san lorenzo de el escorial,40.59,-4.15,5.33,56,20,1.0
548,statesboro,32.45,-81.78,13.06,66,1,3.92
549,at-bashi,41.17,75.81,-6.24,63,20,0.62
550,coelho neto,-4.25,-43.02,23.91,94,36,0.97
551,ajdabiya,30.75,20.22,10.16,67,48,1.22
552,borovoy,63.23,52.89,-0.74,94,88,4.72
553,boden,65.83,21.69,-4.0,85,80,5.7
554,anjozorobe,-18.4,47.88,18.0,88,40,1.5
555,bahia honda,22.9,-83.16,23.26,76,56,2.77
556,manthani,18.65,79.67,26.41,67,0,4.97
557,ushtobe,45.25,77.98,-3.59,78,56,2.32
558,deputatskiy,69.3,139.9,-21.24,81,20,1.82
559,dunedin,-45.87,170.5,18.33,69,0,5.36
560,luganville,-15.51,167.18,28.81,99,64,2.62
561,stepnyak,52.83,70.79,-13.39,87,36,2.92
562,mandera,3.94,41.86,23.51,52,0,2.47
563,college,64.86,-147.8,8.06,52,20,3.1
564,troitsko-pechorsk,62.71,56.19,-0.59,93,88,2.77
565,northam,51.04,-4.21,7.91,100,80,1.5
566,manzhouli,49.6,117.43,3.46,49,32,6.27
567,bintulu,3.17,113.03,27.0,88,75,2.6
568,port hawkesbury,45.62,-61.36,-6.24,79,75,1.5
569,filipestii de padure,45.0,25.75,8.0,100,32,6.2
570,skelleftea,64.75,20.95,-4.2,92,92,3.6
571,garowe,8.41,48.48,19.16,94,92,3.07
572,gizo,31.8,34.94,11.74,93,0,0.5
573,kulhudhuffushi,6.62,73.07,28.76,100,76,3.42
574,aden,12.79,45.03,25.46,100,12,6.37
575,fukue,35.03,136.69,13.77,53,75,3.6
576,adiake,5.29,-3.3,29.0,83,20,3.1
577,baculin,7.45,126.58,23.06,100,92,2.72
